numNode  10
numDrone 2
# DRONE FLIGHT TIME
request_id   tau_in  tau_out
         1        5        5
         2        5        5
         3        7        7
         4        8        8
         5        4        4
         6        5        5
         7        5        5
         8        6        6
         9        3        3
        10        4        4
# TRUCK TIME MATRIX
0.00 5383.52 6228.63 8716.43 10845.83 4501.77 5580.39 5681.87 6996.77 2211.39 3591.81 
5383.52 0.00 10957.54 14041.76 14737.68 9529.73 10962.68 6777.22 12181.91 7592.60 2051.49 
6228.63 10957.54 0.00 4352.15 5035.59 6294.90 4131.50 6481.40 2208.66 4814.03 9592.08 
8716.43 14041.76 4352.15 0.00 7300.80 6133.81 3481.41 10715.40 2193.26 6590.39 12306.14 
10845.83 14737.68 5035.59 7300.80 0.00 11282.49 8862.37 8575.42 6164.89 9779.81 13799.38 
4501.77 9529.73 6294.90 6133.81 11282.49 0.00 2749.76 9435.03 5491.40 2747.91 7511.93 
5580.39 10962.68 4131.50 3481.41 8862.37 2749.76 0.00 9008.92 2814.49 3370.07 9099.69 
5681.87 6777.22 6481.40 10715.40 8575.42 9435.03 9008.92 0.00 8523.35 6692.09 6643.61 
6996.77 12181.91 2208.66 2193.26 6164.89 5491.40 2814.49 8523.35 0.00 5053.53 10567.30 
2211.39 7592.60 4814.03 6590.39 9779.81 2747.91 3370.07 6692.09 5053.53 0.00 5748.88 
3591.81 2051.49 9592.08 12306.14 13799.38 7511.93 9099.69 6643.61 10567.30 5748.88 0.00 
